3327 2685 2573 3321 2911
3327 2447 2609 2507 3321
3327 2609 3321 2685 2788
3327 3321 2685 1627 2710
3327 537 2033 2685 268
3327 2573 2911 1964 3350
284 3327 1627 1976 2417
3327 1141 2898 2909 291
3327 2417 3321 2507 1627
3327 3321 1467 1461 2278
2447 3327 1627 2696 3321
3327 1584 2685 769 3321
3327 1758 491 284 2417
3327 2609 2447 1781 1949
3327 3321 1594 2685 1023
3327 2685 3321 2788 323
3327 2685 3321 1627 896
3327 1905 2685 1205 3321
2203 3327 3321 1847 2685
3327 3321 1905 2685 1958
3327 2417 2710 3321 1627
3327 2696 491 2447 483
3327 1627 2417 3321 1781
3327 2685 2696 1627 3321
3327 284 3321 300 2685
3327 3321 1376 2685 2911
3327 2609 1594 1049 2145
3327 1344 1141 3321 537
3327 3321 2685 2609 1781
444 3327 1486 1065 3321
3327 3321 2507 2788 1141
3327 2417 284 3321 1627
3327 2788 323 2933 3321
3327 2788 2447 3321 3096
3327 1467 1461 636 3321
3327 2685 969 3321 1594
3327 3321 2337 1964 2911
3327 2685 3321 2710 1943
3327 3297 2573 1787 2685
3327 3321 2417 284 1627
2788 2462 3327 2071 2073
3327 491 1627 2417 3321
190 191 3327 2814 1787
3327 2417 2507 2447 135
3327 2685 3321 1627 994
1976 3321 3327 2417 491
1594 3327 2788 444 3321
3327 3321 2911 2685 2573
3327 2788 2070 635 1215
1330 3327 657 1334 2187
3327 2910 2609 2710 3096
3327 2417 2788 1627 2710
3327 1627 2696 2417 491
2573 3327 769 176 2710
3327 3321 2685 1758 2788
3327 268 284 3168 1627
3327 2788 2933 2685 2710
2447 3327 2788 1627 3321
3327 3321 1781 2710 284
3327 3321 2710 994 3200
3327 3321 2685 769 268
3327 1627 3321 865 2685
642 3327 3168 643 1627
3327 3321 2911 2260 2592
1376 3327 3321 2685 1594
3327 2417 3321 491 2685
3327 268 1627 284 994
3327 2685 994 2710 3321
3327 2459 2911 3301 1011
3327 769 1202 777 3065
3327 3321 1841 994 284
2609 3327 1594 505 143
3327 3321 1513 2685 1496
1532 3327 3297 3321 2814
3327 1026 1330 3253 3321
3327 3321 537 1011 2685
754 3327 2911 2685 1324
2609 3327 2910 2898 3321
3327 2685 3321 2788 1511
2203 3327 3321 2417 375
3327 491 1976 2417 3321
3327 3321 2187 1330 1976
3327 2911 2818 1964 2573
3327 994 1627 284 3321
3327 934 3321 2911 929
2507 3327 2447 1535 1141
3327 3321 463 3298 969
2203 3327 3321 2417 1627
3327 491 483 3321 1976
3327 3321 2447 2417 1627
3327 3168 1627 3321 2685
3327 2685 2696 1627 3321
994 3327 2417 3321 2710
3327 1627 3168 3321 2710
3327 2203 2115 3321 896
3327 3321 1627 2685 3174
3327 3321 1627 2710 3358
3327 2685 2456 3321 2453
3327 2462 2788 2710 537
3327 268 1627 3168 2685
3327 1627 284 3321 1552
284 3327 301 300 1627
3327 3321 1627 2507 2685
3327 537 3321 2911 2710
3327 284 3321 2911 2685
284 3327 3321 1627 300
3327 1905 3321 1906 1194
3327 1152 1922 3321 1162
1905 3327 1958 1542 3321
3327 2203 3321 2417 2685
3327 3321 2685 2573 2456
3327 2417 438 1976 284
3327 3321 1627 2507 2685
3327 2417 3321 1976 284
3327 3321 1330 2187 284
3327 1552 1627 1551 2227
2573 3327 1011 2911 769
3327 3321 1627 3168 2685
3327 1197 1554 1167 3348
3327 1773 3321 2609 505
3327 2573 1964 2685 3216
3327 1584 769 777 3321
2573 3327 3321 2685 2071
3327 934 2685 2573 950
1594 3327 3321 2098 1376
3327 1627 2685 896 1841
2071 2073 2685 3327 1498
3327 2814 2685 1787 3321
3327 3168 268 3321 2685
2203 3327 3321 2417 2740
2203 3327 3321 1841 2685
1197 3327 1215 1449 1167
3327 3321 2911 2573 2685
3327 3321 896 2685 2710
3327 3321 1467 2685 1437
3327 2788 2462 3321 635
3327 2507 1627 1912 3321
562 3327 2685 1627 1496
3327 1627 284 3321 2685
3327 1627 3321 1781 2685
3327 1627 3321 2685 2417
3327 2507 3321 2710 2447
3327 3321 537 1344 1141
3327 284 3321 1627 994
3327 1627 3321 1141 2417
3327 2911 1467 3321 1461
3327 3321 2710 826 1627
3327 3321 3065 994 2685
1594 3327 2095 2685 2098
3327 1627 3321 2507 896
3327 3321 896 2710 2788
3327 2447 3321 2417 2685
284 3327 300 3321 301
3327 2685 574 573 1584
1627 3327 3065 2788 769
3327 3321 2685 843 1496
3327 1841 236 2187 3321
3327 1773 3321 2685 1806
3327 2685 1627 1781 3321
3327 284 2417 3321 1330
2417 3327 1627 1976 491
3327 3168 1627 3321 2685
3327 537 2898 3321 1212
3327 1344 1141 3321 537
3327 1627 3321 268 994
3327 1627 3321 491 2447
3327 2960 2158 2685 3060
1171 3321 2685 3327 2788
3327 2507 1141 3321 1145
491 1976 3327 483 1318
3327 2685 769 290 1011
1594 3327 3321 1376 1025
2447 3327 3096 2710 3321
3327 1627 2507 3168 3321
3327 1106 3321 2710 2685
3327 1627 3321 2507 2417
2573 191 190 3327 2071
3327 2090 3298 2898 3321
1547 67 3327 2573 2335
3327 737 736 284 2417
1152 3327 1922 1162 2911
3327 3391 3321 3392 2685
3327 3321 1627 1841 2227
3327 3321 2685 3065 2710
1552 2227 3327 2696 2685
3327 1330 2187 3321 2186
3327 3321 2203 1627 336
1467 3327 1461 2984 1781
3327 268 1627 3168 3321
3327 3321 1376 2685 2911
3327 3321 1976 2496 2493
3327 2573 1905 2911 1011
3327 2573 3321 2911 2685
3327 3321 2685 2788 2710
2696 2447 3327 3321 1627
934 3321 2685 2573 2911
3327 2788 290 3321 2685
3327 2685 1627 1905 3321
3327 3321 2447 2507 491
2609 3327 3321 1594 2145
3327 1654 268 994 896
2071 3327 2073 3321 2710
3321 3327 2609 2417 2788
3321 1905 3327 1958 3136
3327 3321 2685 2417 2609
3327 3321 2685 1627 2507
2447 3327 3321 2685 2788
1344 537 124 3327 1141
3327 2187 1330 3321 896
1627 3327 211 3225 2685
3327 1152 2685 1922 290
3327 1627 3321 241 896
3327 2911 3321 3136 2685
2447 2417 2710 3327 3321
3327 3321 2573 2685 1905
3327 3321 1344 537 2818
2462 2788 3327 2622 3321
1344 3327 537 1141 3363
3327 1152 969 2685 2788
3327 2685 3321 2710 1200
3327 3321 1627 2685 2710
3327 3321 2071 1987 2073
3327 1627 3321 896 1141
3327 3321 3298 290 1787
2071 3327 2073 190 191
3327 2685 2456 3321 3065
3321 3327 1627 1976 896
3327 3321 1781 1467 2685
3327 2071 3321 2347 2073
3327 2710 3321 994 3226
3327 3321 491 2417 2685
2685 3297 3327 1787 3321
2462 3327 2685 2788 3321
1594 3327 3321 1731 2685
3327 3321 2710 427 2685
3327 3321 1781 2710 2685
3327 1905 1781 3361 2685
3327 3321 1787 2685 1577
934 3327 2685 2911 3321
3327 3321 1376 2685 2710
3327 268 2104 2685 1627
3327 2685 3321 2788 3187
3327 2685 3321 1627 2203
3327 284 3321 1627 2685
3327 1011 2685 3216 1964
3327 1905 3321 2685 1958
3327 3321 2685 1209 3187
3327 2456 284 2417 3321
3327 3321 727 2685 1905
3327 2507 1627 1825 2685
3327 2685 2911 3321 2573
3327 2685 1627 2071 3321
3327 3297 3321 1787 2911
3321 1344 3327 537 1141
3327 2071 2462 3321 2788
3327 2849 2685 896 3358
3327 3321 2447 2710 1627
3327 2911 1787 1011 3297
3327 2573 2911 1011 3321
3327 2447 1905 3321 2685
1141 3327 3321 1145 1344
3327 2071 2788 2073 2710
1842 1841 3327 896 3321
2685 3327 2911 3321 2573
444 3327 2788 3321 3265
3327 2685 2260 3321 2356
1627 3327 896 3321 1252
3327 3321 284 2417 2685
3327 3321 2685 284 290
3327 3321 2685 1376 2788
2685 3327 2960 704 707
1964 3327 2337 3196 1417
3327 3321 3187 1445 3072
3327 3065 2685 3321 994
3327 3321 1781 1627 2609
3327 284 2456 300 301
1106 3327 1594 2609 3321
3327 3321 1627 2507 3286
2462 2788 3327 2622 2685
1964 3380 3196 2911 1002
3327 3187 1445 3321 1674
3327 3321 2685 580 571
3327 3321 1627 896 1976
3253 3327 3321 2685 3065
3327 3321 2924 2685 1627
3327 2685 3297 290 1787
3327 2911 1202 2033 3321
491 3327 3321 1318 1976
2203 3327 3321 375 2740
3327 3321 1627 2685 1781
3327 1627 3321 2685 2142
2573 2911 3327 1964 1011
3327 3321 2685 1467 1627
2462 3327 2788 2685 3321
2203 3327 3321 896 1627
3327 3321 1627 2710 896
3327 3321 2685 2788 1781
1627 3327 1976 2417 3321
3327 3321 2447 2685 2710
3327 3321 1627 2685 994
2071 2073 3327 2075 2788
3327 3321 1467 1469 2685
2696 3327 3321 1376 1594
3327 3321 2685 1627 537
3327 1905 3321 2685 2710
727 3327 729 3321 1547
3327 2573 3321 2685 1360
3327 3321 2710 2685 3373
3327 3321 491 1976 483
3327 2507 1627 3321 2685
3327 3321 2685 2260 2592
3327 3321 3187 2417 1437
3327 3321 1781 1330 284
3327 3321 2417 1330 2187
3327 3321 2685 3065 2158
491 1976 3327 3321 3373
3327 3321 2685 1330 2710
3327 3262 1964 3263 2361
3327 3321 1627 2685 418
2573 3170 190 191 3327
3327 3321 2685 2649 2710
3327 3321 3187 3253 3072
284 300 3327 301 1627
3327 2685 3321 1905 2710
3327 2788 3321 2685 635
3327 3321 2071 2073 2447
3327 1149 1417 3321 1662
3327 3321 2685 994 896
3327 2071 2073 2075 3321
3327 1627 3321 1413 284
3327 2685 1584 3321 769
3327 2507 1627 3321 2685
190 191 3327 2071 2073
3327 1627 2417 438 3321
3327 2548 994 1627 3321
2696 3327 1627 3321 2685
3327 3321 1627 2417 2507
2203 3327 284 3321 679
3327 2417 1627 1330 2187
3327 3321 1627 2227 1976
2849 3327 3321 896 2685
3327 2911 3321 769 2573
3327 2788 3321 1594 2609
3327 3168 3321 1627 2685
3327 3321 1330 3187 896
3327 3321 2685 1781 896
3327 537 1141 3321 1145
1964 1584 3321 3327 2685
2071 3327 2073 2685 2075
3327 1905 1958 3361 1781
3327 1594 1376 2685 3245
3327 3321 2696 2447 1731
3327 2133 2911 2685 2008
3327 2911 2685 2573 3321
3327 1627 3321 2507 3286
3327 2933 2788 3065 2241
2456 3327 3321 2453 2685
3327 2507 2417 341 896
3327 3187 3072 3321 2842
3327 3321 2685 3373 1627
3327 3321 2685 537 1912
1376 3327 825 2685 3321
3327 1627 2417 3321 2507
3327 3148 2710 3168 2384
3327 3321 1627 284 2685
3327 3321 1627 2685 2788
3327 284 3321 2710 896
3327 3262 2911 2573 3263
1976 3327 2227 1552 2685
3327 2685 3321 2710 2033
3327 3321 1627 2696 2417
3327 284 3321 1627 300
3327 2685 3321 2710 1905
3327 3321 2685 2788 896
444 1065 2788 3321 1486
3327 3321 2788 2685 2710
2203 3327 3321 2417 1627
2573 3327 3321 1905 2685
3327 3321 2447 2788 2685
3327 2071 3321 2685 2073
1976 3327 491 1205 3321
2203 3327 1627 2417 1369
3327 2710 3321 2788 3065
3327 2685 3321 2710 749
3327 3321 2685 290 3373
2911 1391 765 269 3390
3327 3321 2797 1627 2685
3327 3321 2911 3253 1114
3327 3321 2417 2685 2710
3327 769 3321 3065 3253
3327 2696 1627 3321 2685
3327 1627 3321 2685 3168
3327 2447 2788 1987 3321
2417 3327 3321 438 2447
3327 2696 1627 3321 2710
2203 3327 1627 2417 3321
3327 491 2685 483 3321
3327 1627 2507 2250 1504
1376 3327 3321 825 1594
3327 3321 2685 1905 1787
2227 1552 3327 1627 2696
3327 2609 3321 1594 2710
3327 2609 2849 3321 2850
1976 3321 3327 2685 2710
3327 3321 2685 3168 1202
3327 1627 1905 2696 896
3327 1627 3321 537 896
3327 2685 3321 1781 1905
3327 3321 1627 994 2685
3327 2447 2417 2685 3321
3327 2788 1167 1171 3321
3327 537 3321 2685 1344
3327 3321 1171 2788 2685
3327 1215 1554 2685 3022
3327 3321 1467 1461 2911
3327 3321 1594 2098 1044
1344 3327 537 1141 2033
3327 3321 491 2797 483
2071 2073 3327 2710 2462
3327 1627 3321 3286 2507
3327 491 483 2685 3321
3327 3321 1905 2685 896
3327 3321 2710 2609 2685
3327 2911 1011 2033 3321
3327 1627 2696 2507 2685
3327 3321 861 1417 896
3327 2685 2788 2071 2073
3327 2417 3321 1976 1318
3327 1584 3065 994 2685
3327 3321 1627 2710 2649
2609 3327 505 3321 1594
3327 3065 3321 769 2685
3327 2417 3321 2507 3225
3327 2203 284 2685 3321
2447 3327 284 3096 3321
3327 2261 2260 1802 2685
3327 1141 537 2507 1215
3327 1594 2788 2098 3321
3327 3321 1627 994 268
3327 1964 3321 2911 2573
2203 3327 3096 3321 2685
3327 1627 896 2710 241
323 2933 3327 2788 2175
3327 3321 2609 2788 2710
3327 2507 642 1627 3321
3327 3321 1330 2685 2187
1964 3327 3216 3321 2361
3327 3321 1627 2685 2203
190 191 3327 2071 2073
3327 3321 1627 865 2507
3327 2417 2685 2710 3321
3327 1781 3321 2788 3128
284 3327 300 2417 301
2573 191 190 2685 3327
3327 3187 2203 3321 3072
3327 2507 1535 977 896
3327 2685 2710 3321 377
3327 2685 444 2788 290
3321 3327 1627 2507 1781
3327 2685 3321 994 2788
2818 3327 2261 2260 1787
3327 2685 3321 1584 769
3327 3286 2507 2417 1627
3327 2685 3321 3297 2573
3327 2573 934 3321 2911
3327 1627 3321 2685 1976
3327 2685 3321 1841 1842
3327 1627 2227 2447 3321
3327 2203 3321 2685 2417
3327 1532 3297 1787 3321
1376 3327 825 2672 1893
3327 2507 3321 1141 2685
3327 3321 3187 2797 1674
3327 2685 3321 1905 1810
3327 2278 1107 1467 2911
718 3327 2911 2033 2685
3286 3327 1627 1841 3321
3327 3321 1152 1922 2710
2685 3327 3321 269 2114
2071 2073 3327 2573 1409
3327 537 2710 2898 3065
2818 3327 1193 2549 879
3327 3321 1627 1152 2785
3327 2685 2788 3065 3321
2260 3327 2261 2685 2262
3327 1467 3321 1141 2417
3327 3321 2685 1627 3373
537 3327 1344 3363 2033
3327 2417 1627 3321 438
3327 3321 2203 2417 1627
164 3327 1627 896 1742
3327 234 1077 3321 1078
3327 1467 3321 1469 3256
1252 3327 1141 1496 2507
3327 2203 3321 3096 2685
3327 2507 1627 3321 896
3327 1025 1594 1376 2303
3327 3187 3321 2203 1209
3327 3321 1197 3065 994
1964 3327 3216 3321 2911
3327 1627 2507 3321 135
3327 2071 3321 2073 2788
3327 3321 1627 2685 2417
1152 3327 1922 2785 3321
1532 3327 1787 2814 3297
2203 3321 3327 284 300
3327 3321 1627 2710 2685
642 643 3327 3321 1627
3327 3321 1141 2507 3049
3327 2685 2573 929 3321
3327 1141 3321 1344 1145
3327 1905 3321 642 1205
3327 994 268 2685 284
3327 3321 2071 2073 2685
3327 2710 537 3321 3065
3327 268 994 284 2710
2696 650 3327 2447 3094
3327 3321 2788 2685 2710
3327 3321 1976 2696 491
3327 1627 2507 3321 1504
3327 2788 2710 3321 444
3327 3321 1627 2507 2710
3327 2685 3321 1674 290
3327 1467 1584 3321 769
3327 284 3321 2685 300
3327 3321 2609 2710 2910
3327 1197 3321 2710 1554
3327 2573 1905 3321 1922
3327 2507 653 1627 536
769 3327 3065 3321 1584
2788 3327 2933 323 3321
3327 2071 3321 2073 2075
3327 284 3321 301 300
3327 3321 1627 491 1976
3327 3321 2685 1627 2417
2462 3327 2788 3321 3096
3327 2447 2685 3321 2696
3327 1627 896 3321 1205
3327 1584 769 3321 849
3327 2361 3321 3216 1964
3327 2573 2685 2911 3136
1467 3327 1461 1437 3321
2696 1627 2227 3327 1159
1627 3327 3286 3321 2507
2456 2685 3327 3321 2453
3327 2071 3321 994 284
3327 284 1627 3321 268
3327 3321 2203 2685 1627
3327 3321 2203 1627 2417
3327 2696 1627 3321 1141
3327 3321 1964 2685 2260
3327 1627 1504 2507 339
3327 3321 2685 2573 2911
3327 3321 2788 2710 2685
1594 3327 1376 2303 3321
3327 2685 3321 2788 2710
3327 1627 2507 2417 1535
3327 2685 2788 2609 3321
3327 2911 1964 2337 1417
3327 3321 2685 1445 2788
3297 3327 2573 3298 3321
2696 3327 650 1627 649
3327 2507 2447 3321 2898
1964 3327 3196 2911 3321
3327 444 2788 1262 3321
3327 1627 2507 896 1781
3327 3321 896 1842 1841
3327 3321 994 2573 2710
1773 3327 3321 505 2609
3327 2462 2788 3321 2622
3327 1467 1461 290 3321
3327 2507 1627 3321 3225
3327 2203 3321 1627 896
3327 1964 2573 3321 2911
3327 2788 826 3321 1781
3327 2685 3321 2133 994
3327 284 2456 994 1758
1376 3327 3321 1627 2685
3327 929 2573 2685 1543
3327 284 3321 1781 2317
3327 2071 2073 2685 3321
3327 2071 2685 1547 2073
3327 3096 3321 2573 1905
3327 3321 2615 2788 1987
2573 3327 1905 3321 1966
3327 2573 3384 3383 3184
3327 1905 2685 3321 1958
3327 3321 2685 3373 1627
3327 1627 2507 3225 2417
3327 3321 3297 1662 3301
3327 1594 3321 1106 2788
3327 3321 2447 290 2685
3327 2788 2685 3321 1627
3327 3321 2609 2788 1152
3327 3321 2685 2071 2788
1141 3327 2507 3321 2447
3321 3327 336 2685 2203
3327 1467 158 2047 1461
3327 2573 769 190 3321
3327 3321 2507 1554 3225
3327 2573 3321 2911 3350
3327 3321 2818 2260 3297
3327 3321 1627 2685 2710
3327 3168 1627 3201 3321
3327 3321 2187 1330 2186
3327 3321 2685 3297 1194
2261 2260 3327 2592 2262
3327 636 3321 2071 1467
3327 1586 3321 879 190
3327 3321 2417 1627 284
3327 3321 2710 2685 745
3327 1627 3286 2142 2685
3350 3327 3321 2911 2133
3327 3321 2788 1594 2685
3327 2788 3321 2710 1781
737 736 3327 3321 491
3327 2447 2696 1627 3321
3327 284 1976 3321 2685
3327 2898 3321 3298 1787
3327 2685 3321 2788 1627
2203 3327 3321 2685 1847
284 3327 3321 994 268
3327 2696 650 1627 2685
3297 3327 1787 3321 2685
1905 3327 1958 3321 1542
491 737 3327 736 284
2447 3327 2696 2609 3321
3327 1467 1461 2911 1469
3327 3065 3321 1746 2158
3327 2507 1627 3321 3225
3327 1496 1627 1905 2685
3327 2507 1627 2447 135
3327 2696 1627 3321 2685
3327 2685 3321 1627 2766
1627 3327 3321 3286 2142
3327 3321 1781 896 290
3327 2073 2970 2710 3321
3327 2685 2447 2090 2791
1193 880 2818 3327 879
3327 1496 1627 3321 2788
3321 1486 2788 444 1065
3327 3321 994 3226 2685
3327 3321 537 2047 2710
3327 2507 1773 1535 3225
3327 3321 2818 2573 777
3327 190 1922 962 191
3327 2788 3321 2462 2710
3327 3321 284 1627 2685
3327 284 3321 2685 1781
3327 3321 2203 2685 2417
1627 3327 896 2631 2507
1171 3327 1202 3321 2685
3327 3321 2573 2911 3350
1976 491 2685 3373 3327
3327 2911 1964 3321 3216
3327 2685 2573 3321 769
1594 2098 3327 2788 1106
3327 2818 3321 340 3298
2573 3327 3321 2685 704
3327 3321 3298 2685 290
3327 3321 2788 2685 1554
3327 2507 1627 3321 2759
3327 2685 994 2911 3321
3327 2047 3321 537 2685
3327 537 1344 2685 3321
1594 3327 1376 2098 1044
3327 3321 1818 1627 896
3327 3321 2685 290 3297
3327 3321 1841 2849 1842
3327 2788 2685 635 3321
636 3327 1461 1467 3321
3327 3321 2685 1627 2710
3327 3350 3321 2911 2685
3327 3321 1958 1905 1205
3327 3321 2685 3065 1787
3327 3321 1627 2788 994
3327 3321 3221 3022 268
3327 2573 2685 1905 1011
2071 2073 3327 3096 2685
3327 3187 3321 2187 3072
3327 3321 2685 2573 1905
3327 2573 2685 3321 704
3327 1627 3321 2685 2417
3327 1141 3321 2507 1152
3327 3187 2797 2685 2842
3327 3321 2788 2685 2507
2071 3327 2073 2788 190
3327 537 2456 3321 2453
3327 2710 2609 3321 2788
3327 1197 2685 2788 2462
3327 2417 896 491 2203
3327 3321 2685 1781 1461
3327 1627 2685 3321 284
3327 2788 3321 1781 2685
3327 3321 2417 2710 2447
3327 2685 2843 704 2573
1324 3327 1055 2573 2260
3327 2970 2710 2788 3321
3327 2071 3321 2073 2685
3327 3321 2685 2710 2071
3327 2951 2685 3321 896
1976 3327 3321 491 2685
3327 3253 2685 705 3321
3327 3321 2685 1781 2710
3327 3321 234 1781 1078
3327 2073 2071 3321 2710
3327 843 1496 3168 842
3327 3321 2685 1627 1746
3327 491 1976 2417 2685
3327 2685 3321 2710 3373
2573 3327 268 2911 2685
3327 2685 3321 1627 1841
3327 1358 1627 1359 994
3327 3321 1627 483 491
3327 3321 1330 2187 2186
3327 2685 3321 1011 2710
3327 2090 1627 2507 3321
3327 3321 1538 2041 3297
3327 3350 1964 2818 2260
3327 3321 3367 1496 1967
3327 3321 1141 2788 2685
3327 3321 1436 580 1197
3327 2759 3321 1627 2760
3327 2573 1011 2911 2685
3327 3321 1787 2710 2573
2685 3327 3321 3297 3384
3327 1627 3065 2685 3321
3327 3321 2685 2456 1781
3327 2710 994 3321 2685
3327 2447 1419 3321 2507
3327 2788 3321 2685 2710
3327 3187 3321 3072 2186
3327 2417 3321 491 1976
3327 2071 2073 3321 2075
3327 3321 491 2710 1330
3327 1584 3321 2573 2685
3327 323 555 3110 2685
3327 3321 1627 2685 2507
3327 1976 2447 491 3321
3327 2685 3321 2911 1964
3327 1627 2447 3321 2417
3327 2462 2788 2622 3321
537 3327 1344 2685 3321
2417 3327 3321 1152 2447
284 3327 3321 896 994
3321 3327 2447 491 2685
2071 2073 3327 3096 3321
3327 3321 2203 2417 1627
3327 1627 3321 2507 491
3327 3321 2710 2685 1781
3327 3321 2696 2447 2685
3327 2685 1627 3321 2710
2797 3327 769 3321 777
2507 3327 1627 1535 2685
2710 3321 3327 2685 1152
3327 1467 3321 1781 3128
3327 3321 3187 2187 2797
1841 1842 3321 3327 1905
3327 1905 1205 2685 1958
3327 2685 3321 537 3363
1627 3327 211 3225 2886
3327 1905 2685 3321 1152
2696 650 3327 2685 3094
3327 3321 2685 3298 2090
3327 2696 2685 1627 2710
3327 491 483 1976 3321
3327 2911 2573 3321 2685
3327 1976 3321 2685 3373
3327 3321 2685 2710 3065
3327 2573 929 2911 2685
3327 2788 2462 3321 3096
3327 537 1627 2417 30
1376 3327 3321 825 896
2447 3327 3321 3096 2685
3327 3321 268 1627 3168
2203 3321 3327 284 2417
3327 3321 1467 1461 2685
3327 1141 1344 1627 3225
3327 1594 3321 2098 2788
1011 3327 2033 172 2557
3327 3321 1627 2685 290
3327 3350 3321 2361 2685
2970 3327 2685 2710 2071
3327 3321 1976 1627 2447
1627 3327 2696 2637 3321
3327 2710 2685 3321 3065
3327 3321 1905 1958 2710
2696 3327 3321 1525 650
2685 3327 3321 2710 491
3327 3321 1976 2417 491
3327 2818 1193 880 879
3327 3321 1627 2417 1967
1202 3327 3321 3065 994
3327 1964 3321 2818 2573
3327 2685 1584 3065 3321
3327 2788 3321 1215 1781
3327 2447 2710 2685 3321
1964 3327 2911 2685 1002
3327 3168 1496 1627 2685
3327 3321 3065 2788 284
3327 2710 2071 3321 2788
3327 3321 2685 2788 1781
3327 3321 2685 1627 896
3327 1627 2417 438 2456
3286 2142 3327 1627 3321
3327 2685 1594 2788 2095
2788 635 3327 2710 3065
3327 3321 2710 2788 1781
3327 3321 2696 1627 650
1344 1141 3327 2685 537
3327 2047 537 3321 158
3327 2788 3321 2462 2710
2696 3327 284 650 1627
3327 3321 2203 284 2685
1141 3327 1344 2168 2685
3327 190 191 2573 545
3327 2696 3321 1627 2710
3327 2710 3321 3096 2788
3327 2447 2609 2909 2788
3327 3321 2456 284 2417
1141 1344 2168 1145 3327
284 3327 3321 896 2685
3327 2071 2073 3321 3096
3327 3391 3321 3392 2685
3327 3321 2685 2710 2845
2609 1594 3327 2685 345
3327 491 3321 1976 3373
3327 1467 1461 3321 1469
3327 268 2573 1845 3321
3327 2685 2911 3321 3065
3327 3321 2685 3194 2710
3327 1905 3321 2685 1958
3327 3321 2788 2447 3096
994 3327 3321 2685 290
3327 3321 2788 994 2710
3327 2447 2710 3096 1987
3327 3321 2248 444 2788
3327 3321 1330 284 657
2203 3327 3321 2417 375
3327 3321 2710 2685 1627
3327 3321 994 2911 3065
2462 2788 3327 1197 3321
3327 284 3321 2710 2685
1627 3327 1830 3321 1252
3327 3321 2911 3298 2573
3327 1627 3321 2685 224
2696 3327 650 2685 1627
3327 1467 3321 2685 1461
1594 1106 3327 2609 2098
3327 3321 2685 2710 994
3327 2573 2685 3297 1664
3327 2933 2788 2241 2685
3327 3321 2203 284 896
3327 1141 2685 1344 3321
3327 2685 1627 2649 30
3327 2710 1627 2685 3321
3327 1922 3321 1152 1121
3327 3321 2203 2417 2685
3327 3321 3253 1590 2911
2187 1330 2186 3327 3321
3327 2685 1781 290 2158
3327 2911 2337 1964 2685
3327 3321 2685 2447 3096
3327 2685 3321 2710 969
3327 3321 2685 2447 2710
2696 650 3094 3327 649
3327 2911 2685 2133 3134
3327 1976 2710 3373 491
1552 1976 2227 3327 3321
3327 1152 3321 2609 1922
3327 3321 2685 537 290
3327 3321 2788 2685 2710
3327 3321 1627 2710 2685
2609 3321 3327 2788 505
2573 190 191 3327 929
3327 3321 2788 2685 1781
3321 3327 1841 1842 236
3327 3321 2327 3298 2752
1552 2227 3327 1627 3286
3327 1627 3321 896 1818
2203 3321 3327 1330 3253
1841 1842 3327 896 1627
3327 2696 1627 2685 3321
3327 2685 3321 2710 1943
2573 3327 1905 3321 1906
3327 2260 2261 769 3187
1964 3216 3327 2573 2911
3327 323 2933 2788 3321
1594 3327 2098 3321 444
3327 2417 1627 2507 3321
3327 2417 438 1627 3321
3327 1594 3321 2685 2098
1627 3327 3225 2417 3321
3327 1594 1106 2098 3321
3327 2685 2573 3297 2911
3327 896 1627 3321 3225
727 3327 1547 2456 729
3327 2573 176 2685 3321
2033 3321 3327 537 3065
3327 2685 994 3226 3321
2260 3352 3327 3318 3065
1344 3327 1141 3321 1798
3327 3321 2685 1781 2710
3297 3327 3300 2573 2911
3327 2696 3321 1731 1627
3327 3321 2248 1627 1330
3327 3065 2158 3321 537
3327 1627 2696 1818 3321
1467 1461 3327 1469 3321
642 3327 643 1627 3321
3327 3321 1781 2417 2507
3327 2788 444 3321 1262
1344 1141 379 3321 3327
2203 3327 3321 375 2740
3327 1787 749 2710 290
3327 1011 2573 2685 307
3327 3321 1594 185 2685
3327 3321 1627 2710 2685
3327 2071 2970 2573 2685
3327 3321 2417 3312 1437
3350 2133 3327 2911 2573
3327 3321 2685 3168 1627
3327 3321 2685 1787 290
491 3327 483 3321 2797
3327 444 2788 234 2248
3327 3321 2507 1627 2447
3327 1594 3321 2095 2098
2685 3327 769 3321 3194
3327 2685 2417 2710 3321
3327 3187 3321 2685 2710
3327 1141 537 2685 2507
3327 3321 2970 1496 1141
3327 3321 1467 491 2685
2507 3327 3321 3225 1535
3327 1627 3321 2496 1976
1197 1200 3327 1436 2788
3327 3321 2685 1627 896
3327 704 2685 3321 2573
3327 3321 2685 2573 3297
2203 679 3327 762 763
3327 2710 2685 3321 2447
3327 2685 3321 994 290
3327 3321 2685 1627 3065
1943 3327 1942 3321 2710
284 3327 1627 301 2379
3327 3321 3373 1976 1746
3327 2685 2573 3321 2911
3327 2609 1152 1884 3321
3327 3321 969 290 2685
2573 2685 3327 3384 1905
3327 2447 3321 2685 2609
3327 3321 2685 2788 1062
3327 3321 2685 2573 268
1905 3327 1958 1906 3321
3327 1141 3321 1627 537
3327 1627 3321 896 2507
3327 2071 3321 2073 2788
1594 3327 3321 2095 2098
3327 3321 896 1627 3168
3327 3321 2788 1594 1781
3327 3321 2710 2685 2447
3327 3321 2456 994 2453
3327 3321 2447 2685 896
3327 2071 3321 2710 2685
2042 2040 2041 3327 1496
3327 969 749 2898 2685
537 3327 2033 2984 3363
737 736 3327 491 1976
3327 1594 2609 3321 2710
190 191 3327 2573 2071
3327 2710 3321 2685 1141
3327 3321 3298 1787 2685
3327 284 2417 300 1627
3327 2685 2788 290 994
1627 3327 642 2696 3321
3327 2417 2507 1627 3321
537 3327 3321 2033 2710
3327 1627 3168 3321 896
3327 2417 2710 2788 2071
3327 2696 1627 650 2447
3327 1496 3168 1627 3321
3327 1627 2507 2417 3321
3327 1594 3321 2098 1781
3327 2685 3321 3065 427
3327 1215 1554 3290 2681
3327 2788 3321 444 234
3327 3321 2685 2951 290
3327 2924 2203 3321 2788
284 3327 3321 300 2417
2696 3327 3321 2447 1862
3327 2685 3321 2788 3065
2033 537 3327 2417 1152
3327 3321 284 1330 2417
3327 3321 1627 2685 2710
1627 3327 2507 2710 3225
3327 2970 2071 3321 2788
2685 3327 2788 3321 444
3327 1627 2417 3321 2507
3327 3321 2685 896 1781
3327 1375 3194 2685 3321
3327 2685 3065 3321 2449
3327 3321 1376 1101 1099
3321 3327 2685 1494 1627
3327 2260 1787 3321 2261
3327 2484 3321 2685 2069
3327 3321 1781 2685 3065
1532 3327 2417 3321 1787
3327 3321 2685 2788 1781
3327 3225 1627 1535 3224
2071 3327 2073 2970 2552
3327 737 3321 2685 736
3327 1627 3321 491 483
3327 1627 3321 896 2685
3327 336 2911 2203 3321
3327 3321 2710 2685 2417
3327 444 1486 3321 1065
3327 3321 2788 2685 444
3327 3321 1594 1106 2710
3327 164 1496 1627 842
3327 2573 3321 3065 1547
3327 3321 2203 300 301
3327 3321 896 1742 1627
2788 3327 444 3321 1594
3327 1627 239 3321 3168
3327 1584 3321 2685 3065
2911 3327 2573 2685 1011
3327 1627 3321 865 2507
3327 3321 2685 994 2573
3327 3321 1330 2187 2186
3327 2685 3321 2788 2573
3327 3321 2685 537 290
3327 2685 2911 2573 3262
3327 2573 2685 3297 3321
3321 2573 1905 3327 787
3327 2685 3321 2456 826
3327 3321 2685 1324 1391
3327 1964 2337 2911 3196
3327 3321 2685 2710 994
3321 3327 284 1175 2026
3327 2788 2933 323 2685
3327 1330 2187 2186 3321
284 3327 3321 2417 1627
2788 3327 3321 2685 2447
2260 2592 3327 3065 745
3327 2788 2685 3321 1202
3187 3327 2187 3321 1330
3327 2788 1594 3321 444
2696 526 3327 2100 2949
3327 2696 2447 3321 2949
3327 3321 1594 1781 3128
3327 3321 1627 2710 1781
3327 2788 635 3321 2070
3327 769 3321 1584 3065
2970 2071 3327 3321 2710
3327 2951 2685 3168 3321
3327 3321 1627 2573 3088
3327 896 3321 2609 2910
284 3327 3321 301 994
2685 2303 1594 1376 3327
3327 2573 2685 3321 3065
3327 1627 2507 2417 3321
3327 2462 3321 1171 3065
3327 2071 2073 2788 1987
3327 1330 3321 2759 1627
3327 3321 2417 1205 1905
3327 3321 2696 2447 2949
3327 3321 1627 2685 1976
3327 2507 1141 2447 3321
336 3327 765 3321 2685
2573 3327 1905 1906 769
3327 3321 2788 2685 444
537 3327 2047 3321 2685
1532 3327 3321 2814 3297
3327 2447 3321 2609 2910
3327 2788 3321 635 2710
2462 3327 2788 3321 3096
3327 1627 2696 2417 1818
3327 2447 2710 3321 1627
3327 3321 2685 3312 3168
3327 3321 1627 2507 969
3327 3321 2447 491 1976
3327 1376 3321 709 825
3327 3321 2685 1627 2710
3327 2685 3321 2573 994
3327 1594 3321 1376 1627
3327 3321 2227 2286 2696
3327 1330 2685 3321 3373
3327 3321 1841 1842 236
2203 3327 3321 896 2614
3327 3321 1532 3297 2685
3327 2573 2685 3321 1011
3327 1905 1958 3321 2451
2911 3327 3321 1411 1011
2203 3327 2685 896 888
2447 2696 3327 2685 3321
3327 268 284 1627 994
3327 2788 444 3321 1262
3327 1905 1958 3321 1205
3327 1243 2090 3321 2447
3327 1787 2685 3321 1324
3327 2710 2573 1711 176
3327 3321 2685 1781 1467
2710 3327 537 2033 3096
3327 2073 2685 3321 2071
3327 2685 2710 2788 3321
3327 2696 3321 1731 1627
3327 1976 491 2447 2417
3327 3321 2573 1175 2710
3327 2203 3321 2417 2685
3327 3321 2911 2685 2573
3327 2710 3321 2685 290
3327 2685 2818 3321 969
2071 3321 3327 2970 2788
3327 1627 3321 2417 3225
3327 2507 2417 135 3225
2071 2073 3327 2970 2685
1976 3327 491 2417 3321
3327 1627 2417 3321 2710
3327 3321 2710 1787 2685
3327 2788 323 3321 2175
3327 2609 3321 2710 1152
3327 234 3321 2685 1781
3327 3321 2710 896 1627
284 1627 3327 2379 3321
3321 3327 2187 1330 2186
3327 2710 3266 3065 3321
3327 1547 994 2548 2456
3327 3321 2788 2609 2710
3327 1627 3321 896 2685
3327 2447 1627 3321 284
3327 3321 1627 2696 284
3327 3321 2573 2911 1827
3327 2609 3321 1594 30
3327 2071 2685 2073 3321
3327 2685 2507 3321 1313
3327 3321 2917 1197 1554
3327 3321 2685 934 3363
3187 3321 3327 3072 2842
3327 3321 896 1301 284
3327 2911 3321 2685 2573
2696 3327 650 3321 1627
1554 3022 3327 1197 268
3327 3321 2710 2685 3363
3327 1627 1467 2951 896
3327 3321 2685 2710 1922
3327 3321 1594 2095 2098
3327 3065 2788 3321 2710
3327 2788 635 3321 2462
3286 1627 642 3327 1841
2462 2788 3327 3321 2710
3327 3321 3298 2710 749
3327 2260 3321 3065 1787
3327 236 2710 2036 3321
2507 1627 3327 3321 896
3327 2573 1011 3321 1845
3327 3321 1637 2739 3363
3327 3321 164 1627 1496
3321 3327 284 2685 1841
1627 3327 2696 2417 650
3327 3321 1141 1152 537
3321 3327 2609 2710 1594
3327 491 3321 1297 1318
3327 2549 1787 2818 2685
1627 3327 3168 1496 1252
3327 1461 1467 3321 1469
3216 1964 3327 3321 2573
3327 2788 2462 3321 2685
3327 3321 1627 1594 2685
2008 3327 253 2911 3321
3327 1467 1461 3256 1469
3327 2609 2710 3321 2685
3327 3321 93 1252 896
3327 3321 284 2685 2417
3327 3321 2260 2911 2592
2696 650 3327 3094 649
3327 3321 2685 704 2573
2203 3327 3321 2417 300
3327 3321 2685 2447 1987
3327 2849 2850 3321 2609
3327 2447 3321 2685 2696
3327 3321 2710 2685 2788
3327 2685 3321 1905 2828
3327 3321 2447 3096 2609
3327 1627 3321 642 2417
2696 3327 2447 650 3094
3327 1577 1574 2818 1575
3327 2696 1627 3321 650
1627 3327 491 3321 2685
3327 1627 3321 896 2685
1330 2187 3327 3321 2186
1532 3327 2814 3321 3298
1912 3327 2685 2788 1913
3327 2911 2337 2507 3321
3327 2260 2261 2685 3321
3327 3321 2573 2911 2685
3327 3321 2685 1627 1781
3327 3321 3128 2685 896
3327 3321 2685 1787 2911
3327 2933 2788 323 3065
3327 3321 1627 2507 537
491 2227 3327 1370 1841
3327 3321 1976 2710 2696
3327 3321 2187 2186 1330
3327 3168 2685 1496 3321
3327 3321 2685 2911 537
2203 3327 3321 284 375
2203 3327 3321 2710 2924
3327 2788 1627 2071 2073
3327 2685 3321 2456 1627
3327 2573 1905 3321 883
284 3321 3327 2379 2447
3327 2203 2788 3096 2685
3327 3321 1627 2507 2710
3327 1106 1594 3321 2098
3327 2788 3321 2462 2685
3327 1976 3321 1627 2496
3327 1215 3321 1376 3022
3327 1330 3321 2187 2186
3327 2685 1330 2187 3321
3327 2911 1964 2685 3136
3327 3321 2507 1215 686
3327 3321 2685 2710 268
3327 3321 2573 2911 2685
3327 777 934 291 929
3327 3321 1344 481 2685
3327 3384 2573 2685 2911
491 483 3327 1026 1131
3327 2685 3065 2788 3321
3327 2788 444 3321 601
3327 2788 1627 2710 3321
3327 2573 769 3321 780
2507 3327 2417 3225 2710
2573 3327 2685 545 3321
3327 3321 2788 2685 2710
3327 3321 1781 2710 2788
3327 2447 2696 3321 2609
2203 3327 679 1627 3321
3327 3321 1627 3286 2685
3327 3384 2685 1822 537
3327 2462 2685 2788 2710
3327 2788 2462 2622 3321
3327 2203 2417 3321 2685
3327 3321 1976 491 2447
3327 2710 1449 2685 1141
3327 3321 580 571 1627
3327 2203 2417 3321 1627
2685 3327 2710 491 3373
1330 3327 2187 2186 3321
3327 1467 2104 1461 2685
3327 1627 3321 3286 2142
3327 3321 2685 2788 1781
3327 3321 2685 1594 2788
3327 2203 2685 3321 1781
2447 3327 3321 2696 2609
3327 2573 2911 2685 769
3327 190 191 2573 2071
2573 3327 2911 787 2685
3327 643 1905 642 2685
1964 3327 2685 2337 3321
3327 1547 2685 3321 994
3327 1627 3321 1825 1496
3327 1905 3321 2685 1958
3327 1905 3321 1958 2685
2203 3327 679 762 2759
3327 1964 2911 3321 2685
3327 234 444 2788 1781
1141 1344 3327 1145 2168
2447 3327 2507 3321 1627
3327 3321 1964 2911 2337
3327 1627 3321 2548 3194
3327 2417 3187 3321 3072
3327 3321 2788 2685 1781
3327 1627 2417 3321 1504
3327 2507 3321 2685 1627
3327 2447 2071 1987 2073
3327 1884 1152 2033 1885
537 3327 834 1344 2685
3327 3321 2417 2507 1627
2447 3327 3321 2685 1627
3321 1330 3327 2187 2417
3321 3327 2417 994 1627
3327 2797 3321 491 2933
2573 3327 2331 2911 1001
3327 2696 2447 3321 1627
745 3327 2710 3321 2609
3327 3321 1594 2685 2788
2447 3327 3321 2609 896
1594 1106 3321 3327 2098
1467 3327 1461 1469 3321
3327 2573 2685 777 3321
2609 3327 3321 1866 2417
3327 3321 1627 2710 1330
3327 2788 3321 2685 2462
3327 2696 3321 1627 2685
3327 3321 491 1976 1297
2788 2462 3327 2622 635
3327 1141 1344 2685 2168
3327 3321 2573 1011 2911
3327 491 1976 284 3321
3327 3187 3321 2842 1654
3327 3253 3321 2911 336
2203 3327 3321 301 2417
3327 3321 2447 284 871
1344 1141 3327 1145 537
3327 2447 2788 3321 2685
1330 3327 2456 3321 2685
2507 2417 3327 1627 3225
3327 994 3321 1627 284
3327 3321 2685 1141 1197
3327 1711 2456 1714 2685
1467 3327 1967 1461 3321
3327 3321 2685 1627 2788
3327 2573 2685 1011 1905
3168 3327 2935 1627 3321
3327 1627 3321 2685 1252
3327 3321 2685 3065 2158
3327 3321 2685 1905 1205
3327 2911 3321 2685 2337
3327 3321 2788 1627 2710
3327 3321 1141 1912 537
2203 3327 2417 3321 376
3327 2071 929 2573 3321
3327 3321 2685 994 2710
3327 3321 1627 3168 2759
3327 2573 2685 883 769
2203 3327 3321 2614 896
3327 3321 1344 2417 537
3327 2573 3065 30 3321
3327 284 301 3321 300
2203 679 3327 2685 3321
3327 1781 1905 2685 2447
3327 2573 2685 2911 1011
3327 1141 3321 2507 1344
559 2456 3327 3321 2685
3286 1627 3327 2142 2507
3327 1905 3321 1958 2685
3327 3168 3225 1627 3321
3327 3321 235 1330 2187
3327 491 1976 3321 483
3327 2685 704 2573 2911
3327 3321 236 284 1841
1141 3327 3321 537 1145
3327 2573 2685 1905 1011
3327 491 1627 483 2710
3321 444 3327 1486 2788
3327 3321 268 2685 2710
3327 3321 1432 1330 1781
3327 3321 880 2573 2685
1627 3327 3321 896 2685
3327 3321 2911 769 1964
3327 2788 635 3321 1627
3327 3321 1152 2710 2685
3327 3321 2685 861 896
3327 2573 545 778 1439
3327 3321 3297 2417 994
3327 1627 2685 3321 290
3327 1627 3168 1781 2417
3327 1594 3321 1268 1356
3327 896 3321 2507 3225
1586 3327 880 879 2573
3327 1594 3321 1268 1356
2573 1905 3327 1906 3321
3327 704 2685 3321 707
3327 2507 3298 969 3321
3327 2456 2788 2685 2710
3327 1976 3321 2685 1627
3327 1841 3321 1627 1842
3327 2158 2449 3065 3352
3327 896 2685 3321 1627
1964 3327 2843 2685 3350
1467 1461 1469 3327 3321
3327 1574 1577 769 3321
3327 3321 537 1141 1344
3327 2447 2609 2710 2696
3327 3321 1694 1141 2637
3327 3321 2685 896 284
3327 3321 896 2696 1627
3327 2685 2573 3321 2911
3327 2507 1627 3321 30
3327 3321 1905 2685 3373
2788 3327 3065 635 2236
1976 491 3327 344 3321
1976 3327 491 483 3321
3327 2417 1627 3321 1976
3327 1627 3168 2685 3321
3327 3321 2685 290 1396
3085 3327 3086 1011 2911
2203 3327 336 924 3321
3327 1330 2187 3321 2186
3327 3321 1627 2507 2685
3327 3321 2609 2507 2685
3327 3321 2685 1905 2710
3327 2685 3321 1627 896
1627 3327 3321 1471 1470
3327 3321 1627 896 2685
3327 2507 1627 3321 308
3327 2685 3321 1967 1194
3327 1627 3321 358 2788
3327 3321 2573 2071 191
3327 2685 1746 2033 537
3327 3321 2685 2911 2710
3327 1594 3321 2098 1044
3327 2685 3321 3373 1627
3327 2685 3321 1171 3065
284 3327 1627 301 2379
3327 3321 1964 2685 769
3327 3321 2203 336 2685
3327 2090 3065 2710 290
3327 2911 3321 994 2573
2073 3327 2970 2788 2071
3327 3321 2911 2573 2685
2047 537 3327 3321 158
3327 2788 1215 3321 1449
2573 2911 1011 2578 2685
3327 2685 3321 2609 1594
3327 2609 3321 2447 969
2609 3327 3321 2447 1866
2203 3321 3327 2685 376
3327 3321 2609 2788 1594
3327 2788 3321 2685 323
3327 3321 284 1627 2710
3327 2447 2685 1627 2696
3327 2507 1627 2417 164
3327 2573 1905 2685 2911
2203 3327 3321 1627 2507
3327 3321 2788 2685 3096
2033 537 3327 3363 2685
3327 2609 3321 2447 2685
3327 3321 2456 559 2685
3327 994 3194 290 3321
3327 3321 1594 2685 2609
3327 3321 2788 1197 1215
1467 3327 1461 2951 3321
3327 3321 2685 3065 2911
3327 1627 2788 3321 2447
1905 3327 1958 3373 3321
3327 3297 2685 3298 3321
3327 2685 3321 896 1467
3327 1627 3321 2417 955
3327 1627 2696 650 2417
3327 268 284 3321 994
2071 3327 2073 1543 3096
3327 491 2417 284 3321
3286 1627 3327 3321 3375
3327 3321 2685 1781 896
3327 1496 2042 1627 2040
3327 1627 3321 2788 2685
3327 2609 2788 1922 176
3327 3321 2609 1594 2685
3327 1594 2788 2609 3321
3327 2573 1011 2911 2033
3327 3321 2417 2788 2447
3327 3321 2788 2685 826
3327 164 1746 2507 1496
2685 3327 3321 3384 2573
3327 1976 491 2685 1205
3327 1627 3321 2685 3168
2696 3327 3321 2227 2949
3327 2710 3321 3361 2685
3327 3321 1627 1905 3373
3327 2788 3321 1781 1627
3327 2462 2788 3065 290
3327 2417 1627 1330 491
580 571 3327 3321 2685
3327 3321 2685 2818 2260
3327 3168 268 3321 1627
3327 3065 3321 2710 2685
3327 2788 2462 2685 1781
3327 3321 2788 2685 2071
1627 3327 3321 1204 438
3327 3321 284 2417 2456
3327 444 2788 3321 2710
2710 745 3327 2609 1918
3327 3321 3168 1627 1781
3327 1594 2609 2266 3321
3327 2788 3321 2710 1781
3327 3321 1205 1627 2417
3327 3321 1758 1781 284
3327 3321 491 2710 1627
3327 3321 2788 2685 1627
3297 3327 1787 3321 3065
3327 1330 2187 2186 2417
3327 3321 2710 1627 896
3327 2054 1841 2685 3321
3327 3321 2609 797 2145
3327 1547 994 727 3321
3327 2609 3321 3096 2417
3327 3321 444 2788 2710
3327 2685 2911 3321 754
3327 2788 3096 1884 2710
3327 3321 3065 2449 2158
3327 3321 491 2417 1976
2609 3327 3321 2949 1106
3327 896 1627 3168 1496
3327 3321 2685 2710 290
3327 2685 3321 1627 2710
3327 1627 2417 3321 1504
3327 3321 1594 1781 2609
3327 3321 2685 896 1627
3327 1627 2507 3321 2417
3321 3327 2685 2710 896
3327 176 2573 3321 2685
3327 1905 3321 2496 2685
1197 3327 2917 3321 3022
3327 2008 2710 2685 2911
3327 3321 2685 1627 2710
3327 1627 3321 2696 2685
3327 3321 2710 2788 2685
3327 3321 2099 1627 2710
3327 3321 2685 2203 2710
3327 1627 1413 3321 1423
1594 3327 1376 1106 2098
3327 491 2417 1627 3321
3327 2788 3321 2685 1215
2573 3327 2331 1011 1845
3327 3321 2507 2685 2710
3327 2507 3321 1627 2271
3327 3321 2788 2609 2685
3327 1547 190 191 3321
3327 3321 2447 1905 2696
3327 1627 3168 2685 1496
3327 2260 1964 3321 2261
3327 3321 2685 1627 2203
3327 3321 2685 1330 2710
2203 3327 3321 336 2710
3327 3321 2788 3065 2685
3327 3321 1905 2710 2227
3327 934 2573 2685 3297
1467 1461 3327 1469 2911
1627 3327 2227 2696 3321
3327 1845 2573 1411 3321
3327 1141 3321 2710 2507
1627 3327 3321 2685 224
3327 2417 1976 3321 491
3327 1964 3321 2685 3350
3327 208 3297 2710 2685
3327 1627 3321 2507 896
2685 3327 3321 2203 2687
3327 2447 1987 2609 2788
3327 3321 2685 994 2609
2071 3327 2573 883 2788
3327 3321 2685 2260 2262
3327 3321 1627 2710 2685
3327 3321 2788 2685 444
1905 3327 3321 1958 1542
1467 3327 1461 2573 1011
1627 3327 3286 2507 211
3327 3321 1627 284 2417
3327 2507 2447 1627 3321
3327 3321 2609 1179 2710
3327 491 1318 3321 1976
3327 3321 2710 2685 556
3327 595 663 611 2685
3327 1627 3321 2685 1781
3327 290 1841 2685 1445
3327 2203 1627 284 3321
3327 2573 3321 1011 2911
3327 2788 2462 3321 2622
3327 2573 190 191 1905
3327 3321 1627 2417 2710
3327 2573 2685 704 191
2788 2462 3327 2622 3321
2187 1330 3327 2186 657
1964 1810 1584 3321 3136
1171 2788 3327 2462 1062
635 3327 2788 2462 444
3327 284 1627 3321 301
3327 1171 3321 3065 1062
2203 3327 2685 1566 3321
1922 3327 1152 2609 1162
3327 2960 2260 2261 3065
3327 3321 3373 2654 2685
3327 3225 3321 1627 1758
3327 1594 3321 444 3265
3327 2818 2685 3321 2549
3327 3321 2772 3065 2685
3170 3327 190 2685 939
2685 1964 3327 2573 3216
3327 2788 2710 2970 3321
3327 2911 1011 2710 2788
3327 3321 3350 1787 2911
2609 3327 1905 3321 2685
3327 3321 1841 236 1842
3216 1964 3327 2685 2911
3327 1330 3321 2187 1627
3327 3321 2456 2710 2685
3327 3321 2685 2438 290
1594 3327 2609 3321 245
3327 2710 176 2573 3321
2203 3327 679 1627 3321
3327 3321 2685 1627 1437
780 696 3327 769 3321
2447 3327 3321 2788 2609
1330 2187 3327 2186 3321
3327 3263 3262 2911 769
2158 3327 2449 3065 3321
3321 444 1486 3327 2788
3327 3321 1976 491 2417
3327 284 3321 300 1627
3327 3321 2685 3065 769
3327 2710 3321 2573 2788
284 3327 1627 3321 301
3327 3321 994 3065 1746
3327 1627 224 3321 2685
1627 3327 3321 3286 1204
2071 3327 2685 3321 2073
537 3327 2047 3321 2685
3327 2685 3321 642 1841
2573 3327 2911 1011 3321
3327 1905 2573 3321 2685
2507 3327 2447 1627 3321
3327 2609 3096 2710 2685
3327 1627 2685 2696 3321
491 3327 483 1976 1318
3327 3321 2573 2685 2911
3286 1809 2507 3327 1627
3297 3327 3321 3300 3301
3327 3297 3321 2818 1787
642 3327 2507 3321 1627
3327 2685 3321 2788 1781
1905 3327 1958 1906 3321
2696 2447 3327 2685 2949
3327 1141 3321 2788 2447
3327 3321 2710 2685 2696
1627 642 3327 3321 3168
3327 3321 3253 2090 3187
3327 1141 3321 2710 2685
2203 3327 3321 2417 1627
3327 3321 2685 537 1627
3327 3321 2788 1781 1197
3327 1141 2685 3096 537
3327 3321 2685 1627 1758
3327 268 1627 3321 2710
3327 3321 994 3226 2685
3327 3321 290 969 3265
1787 3321 3327 2549 2090
3327 3168 1252 3321 1627
3327 3321 3187 2797 1330
3327 1330 3321 2187 2186
3327 3096 2447 2609 3321
3327 2456 3321 284 301
3327 1976 491 3321 2417
3327 2071 3321 2073 191
3327 2447 1152 1922 3321
2071 2073 3327 1987 3096
3327 3321 2417 2685 1976
3327 2685 3321 2788 1627
3327 1976 491 3321 1318
3327 3187 3321 2158 519
3327 3321 1627 2685 2710
3327 2685 3321 1627 994
3327 3321 2788 2573 2685
3327 2685 3321 2710 2071
2507 3327 2447 3321 220
2573 3327 2685 3321 290
3327 3321 2710 290 2447
1467 1461 3327 1469 3321
3327 1467 3321 1437 2685
1987 3327 2447 1292 3321
284 3327 3321 2685 300
3327 3321 1152 1694 718
2071 3327 191 190 2573
3327 2788 1627 2710 2447
3327 896 1215 1135 3321
3327 3321 1594 2710 2100
3327 3321 1781 3221 3158
3168 3327 3321 1627 1496
3327 2507 1627 3321 1535
3327 2685 3321 2104 268
3327 537 3321 1344 1011
727 729 1547 3327 2456
2260 3327 3352 2261 2262
3327 463 3298 465 466
642 3327 3321 2696 643
3327 3168 2685 3321 1627
3327 3321 2710 928 2685
2071 2073 190 3327 191
1344 3327 537 1141 2033
3327 1594 2788 3321 635
3327 3321 2685 2710 3065
284 3327 301 300 3321
2203 3327 3321 2685 1967
3327 2203 3321 2417 300
2203 3327 3321 2685 1627
190 191 2573 2071 3327
3327 3321 268 1781 1627
3327 1912 2849 3358 1243
3168 3327 3321 2685 1627
3327 2685 1827 3060 1584
3327 3321 2685 2788 284
3327 491 1627 1976 1318
3327 2685 1627 3321 1194
2788 323 2933 3327 2685
3327 3321 491 2685 1976
3327 3321 1976 1781 2685
3327 3321 1627 2685 2710
3327 2911 2573 3321 2337
1627 3327 3321 3286 2507
3327 3321 2911 1011 3297
3327 2071 697 937 696
3327 1330 3321 2417 2187
3327 284 1627 3321 1781
3327 3321 2685 2609 2710
3327 1627 3321 3373 2021
3327 1417 2911 3321 3297
3327 3321 2685 2710 2573
929 3327 934 2573 2160
3327 1627 3321 2788 2710
2573 3327 2911 1011 3321
3327 3321 2685 2788 2447
2203 336 3327 3321 2924
3327 1584 769 3321 2685
3327 3321 2788 2685 2710
3327 1627 3321 2417 284
3327 1905 2685 643 1958
3327 1905 3321 2685 1958
3327 2788 1987 2447 3321
3327 1818 1627 2417 2507
3327 3297 2685 1037 3321
3327 2260 2261 2818 3321
3327 2203 2417 1976 1194
3327 3321 2818 3297 1787
3327 3321 1627 2685 2710
3327 2685 3321 1905 1205
3327 3321 1532 2710 3298
3086 3085 3327 2911 1011
1627 3327 896 211 212
3327 2573 3136 3321 2911
3286 1627 3327 3321 2142
3327 3321 2462 2788 2710
3327 2573 2685 268 3321
2203 3327 2685 3321 2740
3327 1594 3321 2788 2098
3327 2203 1627 2417 896
642 3327 1627 3321 843
3327 3321 2685 2710 1781
2609 3327 2428 2685 3321
737 3327 736 2417 491
3327 3321 2685 2417 2710
3327 1627 2788 2710 241
3327 3321 2710 2447 3096
1964 2337 2911 3327 2203
3327 2710 3321 290 1547
3327 2685 2573 3321 1055
3327 3321 2685 2417 1627
3327 2071 191 2710 2573
3327 2507 2685 2417 1627
3327 2071 2970 3321 2685
2573 2071 190 3327 191
284 3327 301 300 3321
3327 3321 2685 2507 290
3327 3321 2685 1283 3266
3327 3321 236 2187 235
3327 896 284 3321 2685
2260 3327 2261 3321 2592
1964 3327 2337 3196 2911
3327 1376 3321 825 2672
3327 1905 1958 3321 1205
3327 3065 1627 336 2203
3327 3321 1376 2685 2671
3327 1152 3321 1627 2785
3327 3321 2788 3096 2710
3327 3321 3253 2911 336
3327 3321 2685 1627 2788
3327 2447 3321 2609 2685
3327 2447 2710 2788 2685
3327 2685 3253 3321 1584
3327 2417 2507 3321 1859
3327 1594 2609 3321 2685
3327 1627 3321 3225 3168
3327 3065 3321 253 994
3327 3321 3065 2685 3060
3327 3321 2788 1781 2797
1467 1461 3327 1469 3321
3327 3321 2447 711 2609
3327 2685 2960 3321 2573
3327 2187 1330 3321 2186
2609 3327 3321 2417 2447
3321 3327 1627 1758 2710
3327 2685 1584 3321 769
3327 3321 2417 1781 2710
2970 2710 3327 2071 218
1627 3327 896 3286 1194
3327 3321 994 1584 2710
2033 3327 537 3321 1832
3327 2260 2261 2592 3065
3327 3321 2685 284 826
3187 3327 2685 2797 3072
2203 3327 3321 896 2685
3327 3321 1627 2849 2685
3327 2573 3321 2071 2685
1344 1141 3327 2071 2073
3327 1627 2759 3321 2710
3327 3321 2417 2788 896
284 3327 301 300 1627
3327 2685 2573 3321 704
3327 3321 3187 1627 2710
3327 3321 2685 1781 1376
3327 3096 1627 896 2447
3327 491 3321 1976 1318
2227 3327 3321 1552 1627
3327 1467 1461 3321 1469
3327 3321 1627 2685 2710
3327 3321 1976 491 2447
2696 3327 2447 3094 650
3327 2710 3321 284 1627
3327 3065 2710 769 2685
3327 3321 2685 2573 2710
3327 1627 3321 2685 1781
727 3327 2548 2456 1547
3327 3321 2685 2951 2710
3327 3321 2685 2710 1781
3327 2573 2685 3321 2911
3327 2788 3321 2462 635
2447 1987 3327 2071 3321
3327 2788 1627 3321 444
191 190 3327 2573 2071
3327 2071 2685 3321 2788
3327 1987 2447 2685 1905
323 3327 2788 2933 3321
3327 2071 2073 1498 2685
3327 2685 3321 234 1781
3327 3321 2685 1905 3373
3327 3321 1376 1781 2685
3297 1787 3327 2685 3298
3327 3321 2685 2573 1943
3327 1976 3321 2685 2710
3327 2911 3321 1964 2260
3327 2788 1627 3321 1781
3327 3321 2573 2685 2911
1376 1594 3327 3321 174
284 3327 1627 300 301
2203 3327 3321 2740 290
2849 3327 3321 1627 2850
3321 3327 2447 2788 2685
2071 3327 2685 2073 3321
3327 2818 1193 2685 2549
2158 3327 2449 3321 3060
3327 3321 426 1905 537
3327 1344 537 2685 1141
3327 3321 2685 2710 1781
3327 3321 994 2685 2788
1376 3327 3321 825 1893
3327 1594 3321 2098 1044
3327 3321 2685 537 2710
3327 284 2685 3321 1627
1905 3327 3321 1958 1906
3327 537 2685 1344 1141
3327 2573 2685 2104 3321
3327 3321 2710 2981 3253
3327 2507 1627 2417 3225
3327 2447 3321 2685 2710
3327 1467 1461 3321 2071
2573 3327 3321 2911 2685
3327 2685 3321 290 2573
2071 3327 2073 2685 3321
3327 3321 2710 1627 284
3327 1547 2911 3321 67
3327 3321 2417 1330 2187
3327 3297 2843 2573 3321
1344 3327 3321 379 2685
3327 3350 3321 2685 2133
3327 1976 2685 2417 2447
2696 3327 650 649 3094
3327 3321 1594 2788 2685
3327 2685 268 2573 1011
1964 1328 3327 3321 2337
3327 636 1467 1461 3321
2203 1566 3327 1467 3321
2203 679 3327 1781 2417
1330 3327 284 3321 657
3327 2685 3321 2710 2788
3327 2573 704 1011 2071
3327 2685 3321 3363 2033
537 3327 2033 3321 1141
3327 580 571 1197 1436
3327 2685 3321 2788 1905
284 3327 3321 896 2710
3327 635 2788 3321 1215
3327 3321 2685 1976 2654
3327 2696 3321 2447 2949
3327 2685 2260 2818 3321
3327 1141 2507 491 3321
2696 3327 650 2447 3321
3327 3321 1376 2685 1627
3327 2507 1535 3225 2710
3327 2456 2685 284 1953
1141 1344 3327 1145 3321
3327 2788 3321 444 234
3327 2071 2573 191 190
3327 1467 3321 2685 1437
3327 3321 2710 1912 2685
3327 3321 2685 2710 491
2696 650 3327 3321 2685
1376 1594 3327 1025 3321
3327 1594 2788 2685 564
3327 1746 2685 1627 3321
3327 2573 769 3321 2685
3327 2573 3321 1905 1011
3327 1594 2098 2788 3321
3327 3297 2685 1662 3300
3327 3321 2685 1627 537
2456 3321 284 3327 2453
3327 2685 880 2710 3321
3327 2609 3321 2710 1594
3327 3321 2447 2788 2710
3327 3321 2788 2685 2462
994 3327 1627 3194 284
3327 1467 3321 1461 284
1594 3327 444 2788 1356
3327 2685 3321 537 1194
3327 3065 3321 1584 2710
3327 2417 268 284 3321
3327 2933 3321 2788 323
3327 2447 2685 2788 3321
2609 3327 1594 3321 1049
1467 1461 3327 1469 2911
3327 1627 3321 2417 1781
1958 1205 1905 3327 1906
1594 3327 3321 2098 1044
3327 3321 3350 2573 2911
3327 2507 1141 2710 2447
3187 3327 3321 3072 1627
3327 2203 284 3321 300
3327 1594 2788 1949 3321
3327 2203 3321 896 375
3327 2710 2685 2838 3298
3327 2260 3352 2261 2262
3327 3321 2685 2573 1467
3327 2447 2696 3321 1627
3327 3321 1781 2685 1627
3327 2033 2911 2557 1011
3327 3321 1627 2685 268
3327 1594 1376 2788 2685
3327 1627 3321 2685 2507
3327 3321 2818 994 290
1215 3327 2685 2788 1554
3327 3321 1964 2337 2260
3327 1731 3168 3321 1496
2573 3327 3321 2685 2911
3327 2685 491 1627 2710
3327 2203 2417 1627 3321
3327 3321 2685 896 2710
3327 3321 2417 284 1330
3327 2818 3321 1787 1627
3327 3321 1627 284 2685
3327 284 2203 1194 3321
3327 491 1976 3321 2417
3327 3321 2685 2447 2710
2818 3327 880 1193 2573
3327 3321 2203 2685 1905
3327 3321 2685 1627 2417
3065 769 3327 3321 1627
3327 284 2685 3321 2710
3327 3321 969 2198 1778
284 3327 3321 300 301
2696 3327 3321 2447 290
3327 1627 3321 2685 224
3327 2507 1141 2685 3321
3327 2788 2685 1594 2095
3327 253 2008 1584 2911
3327 3321 2685 1627 769
3327 2685 1781 2710 1943
3327 2685 3350 2573 2911
3327 1964 2911 2685 3216
3327 3321 2071 2788 2685
3327 2573 191 190 2710
3327 2685 1905 1413 3321
3327 2573 2685 1905 3321
3327 2417 491 3321 1781
2507 3327 3321 1141 2447
2814 3327 1787 3321 3297
3327 3321 1905 2710 290
3327 1594 3168 3321 2098
3327 1496 3321 3168 1967
3327 1330 2417 2187 3321
1987 2615 3327 3321 1467
3327 1141 3321 2788 2685
2203 3327 2417 1847 1627
1141 3327 2685 3096 1145
3327 2788 3321 1627 1152
3327 1532 3321 2685 2814
3327 1496 3321 308 2685
3327 3321 284 2685 2710
1627 3327 2507 3321 2417
3327 1376 2685 3321 826
3327 2685 3321 994 1215
3327 1627 2507 1496 164
2573 3327 191 2071 190
3327 3065 769 2788 1627
3327 3321 1627 284 2710
3327 3321 2911 2459 2573
3327 3321 2710 2685 1627
3327 3321 1584 3060 2573
3327 2447 3321 2685 2696
3327 3321 2685 2573 2911
3327 3321 2203 1627 3161
2071 3327 2073 2788 3321
3327 3321 2685 3065 2911
3327 2911 2573 3321 2685
